"","date","new_cases","resolved","non-icu","icu","deaths","daily_tests","total neg.","positives"
"1","2020-03-15",3,0,NA,NA,0,NA,415,3
"2","2020-03-16",2,0,NA,NA,0,NA,671,5
"3","2020-03-17",2,0,NA,NA,0,NA,934,7
"4","2020-03-18",5,0,NA,NA,0,NA,1141,12
"5","2020-03-19",3,0,NA,NA,0,NA,1373,15
"6","2020-03-20",1,1,NA,NA,0,NA,1546,16
"7","2020-03-21",5,2,NA,NA,0,NA,1826,21
"8","2020-03-22",8,2,NA,NA,0,NA,2088,29
"9","2020-03-23",13,2,NA,NA,0,NA,2308,42
"10","2020-03-24",10,3,NA,NA,0,NA,2474,52
"11","2020-03-25",17,4,NA,NA,0,NA,2772,69
"12","2020-03-26",5,7,NA,NA,0,NA,3201,74
"13","2020-03-27",17,10,NA,NA,0,NA,3649,91
"14","2020-03-28",21,12,NA,NA,0,NA,4031,112
"15","2020-03-29",12,28,NA,NA,0,NA,4731,124
"16","2020-03-30",5,30,NA,NA,0,NA,5045,129
"17","2020-03-31",19,36,NA,NA,0,NA,5763,148
"18","2020-04-01",25,48,NA,NA,0,NA,6591,173
"19","2020-04-02",20,55,NA,NA,0,NA,7446,193
"20","2020-04-03",14,73,NA,NA,0,NA,8234,207
"21","2020-04-04",29,80,NA,NA,0,800,8964,236
"22","2020-04-05",26,88,NA,NA,0,592,9510,262
"23","2020-04-06",31,95,NA,NA,1,650,10218,293
"24","2020-04-07",17,108,NA,NA,0,NA,10621,310
"25","2020-04-08",32,116,NA,NA,1,NA,11346,342
"26","2020-04-09",31,126,6,4,1,980,12177,373
"27","2020-04-10",34,135,4,4,0,915,13014,407
"28","2020-04-11",21,145,4,4,0,885,13632,428
"29","2020-04-12",17,158,5,4,0,778,14295,445
"30","2020-04-13",29,191,5,4,1,947,15580,474
"31","2020-04-14",43,206,6,4,0,1476,16755,517
"32","2020-04-15",32,235,5,4,0,885,17419,549
"33","2020-04-16",30,238,7,4,0,1065,18453,579
"34","2020-04-17",27,255,6,5,4,966,19506,606
"35","2020-04-18",43,283,6,5,2,1310,20312,649
"36","2020-04-19",26,324,7,4,1,856,21120,675
"37","2020-04-20",46,371,8,4,3,874,21769,721
"38","2020-04-21",16,404,8,3,2,516,22190,737
"39","2020-04-22",35,425,7,3,2,849,22993,772
"40","2020-04-23",55,451,6,4,3,921,23731,827
"41","2020-04-24",23,481,8,3,3,888,24521,850
"42","2020-04-25",15,510,8,3,2,965,25119,865
"43","2020-04-26",8,532,10,3,1,673,25615,873
"44","2020-04-27",27,547,9,3,2,645,26231,900
"45","2020-04-28",15,554,9,3,3,483,26902,915
"46","2020-04-29",20,576,8,3,2,905,27486,935
"47","2020-04-30",12,597,7,3,0,901,28209,947
"48","2020-05-01",12,615,7,3,6,812,28883,959
"49","2020-05-02",4,626,6,3,1,866,29406,963
"50","2020-05-03",8,672,3,3,2,734,29945,971
"51","2020-05-04",14,690,4,2,1,455,30441,985
"52","2020-05-05",6,706,4,2,1,454,30984,991
"53","2020-05-06",7,732,3,2,3,764,31541,998
"54","2020-05-07",9,747,3,2,1,875,32289,1007
"55","2020-05-08",1,756,3,2,1,840,32835,1008
"56","2020-05-09",3,766,5,2,0,598,33190,1011
"57","2020-05-10",7,790,6,3,1,676,33579,1018
"58","2020-05-11",1,865,6,3,2,291,33869,1019
"59","2020-05-12",1,890,5,4,1,427,34204,1020
"60","2020-05-13",4,904,5,4,1,502,34604,1024
"61","2020-05-14",2,915,5,4,3,554,35004,1026
"62","2020-05-15",8,926,4,5,0,473,35375,1034
"63","2020-05-16",3,929,4,4,0,665,35703,1037
"64","2020-05-17",3,935,4,4,0,377,35970,1040
"65","2020-05-18",3,941,4,4,2,237,36263,1043
"66","2020-05-19",1,944,4,5,0,384,36438,1044
"67","2020-05-20",1,946,4,4,1,353,36656,1045
"68","2020-05-21",1,949,5,4,0,579,37078,1046
"69","2020-05-22",1,957,4,4,0,427,37405,1047
"70","2020-05-23",1,961,3,3,0,561,37671,1048
"71","2020-05-24",1,962,3,3,0,494,38055,1049
"72","2020-05-25",1,963,3,3,0,489,38458,1050
"73","2020-05-26",2,967,4,3,0,573,38999,1052
"74","2020-05-27",1,969,4,3,0,533,39441,1053
"75","2020-05-28",2,970,5,3,1,1136,40240,1055
"76","2020-05-29",0,970,5,3,0,1034,40914,1055
"77","2020-05-30",1,972,5,2,0,694,41391,1056
"78","2020-05-31",0,976,5,2,0,578,41944,1056
"79","2020-06-01",1,984,4,2,0,626,42426,1057
"80","2020-06-02",0,985,3,2,0,532,42861,1057
"81","2020-06-03",1,986,2,1,1,639,43340,1058
"82","2020-06-04",0,989,2,1,0,893,43911,1058
"83","2020-06-05",0,990,1,2,0,773,44477,1058
"84","2020-06-06",1,991,1,2,0,763,45094,1059
"85","2020-06-07",1,992,1,2,0,637,45466,1060
"86","2020-06-08",0,993,1,2,0,293,45762,1060
"87","2020-06-09",1,993,0,2,0,578,46227,1061
"88","2020-06-10",0,994,0,2,0,691,46668,1061
"89","2020-06-11",0,995,1,1,0,769,47145,1061
"90","2020-06-12",0,995,1,1,0,739,47726,1061
"91","2020-06-13",0,995,1,1,0,854,48384,1061
"92","2020-06-14",0,995,1,1,0,569,48786,1061
"93","2020-06-15",0,996,1,1,0,456,49100,1061
"94","2020-06-16",0,996,1,1,0,355,49398,1061
"95","2020-06-17",0,996,1,1,0,505,49775,1061
"96","2020-06-18",0,997,1,1,0,580,50240,1061
"97","2020-06-19",0,997,1,1,0,543,50540,1061
"98","2020-06-20",0,997,1,1,0,472,50825,1061
"99","2020-06-21",0,998,1,1,0,281,51111,1061
"100","2020-06-22",0,998,0,1,0,355,51242,1061
"101","2020-06-23",0,998,1,1,0,307,51530,1061
"102","2020-06-24",0,998,1,1,0,333,51817,1061
"103","2020-06-25",0,998,2,0,0,687,52266,1061
"104","2020-06-26",0,998,2,0,0,468,52553,1061
"105","2020-06-27",0,998,2,0,0,386,52811,1061
"106","2020-06-28",0,998,2,0,0,381,53056,1061
"107","2020-06-29",0,998,2,0,0,255,53263,1061
"108","2020-06-30",1,998,2,0,0,203,53544,1062
"109","2020-07-01",1,998,2,0,0,388,53847,1063
"110","2020-07-02",1,998,2,0,0,284,53994,1064
"111","2020-07-03",0,998,2,0,0,372,54317,1064
"112","2020-07-04",0,998,2,0,0,358,54685,1064
"113","2020-07-05",0,998,2,0,0,441,54910,1064
"114","2020-07-06",1,998,2,0,0,178,55113,1065
"115","2020-07-07",0,998,2,0,0,291,55428,1065
"116","2020-07-08",1,998,1,0,0,475,55818,1066
"117","2020-07-09",0,999,1,0,0,398,56227,1066
"118","2020-07-10",0,1000,1,0,0,579,56614,1066
"119","2020-07-11",0,1000,1,0,0,521,56976,1066
"120","2020-07-12",0,1000,1,0,0,382,57295,1066
"121","2020-07-13",0,1000,1,0,0,401,57675,1066
"122","2020-07-14",0,1002,1,0,0,310,57949,1066
"123","2020-07-15",1,1002,1,0,0,444,58315,1067
"124","2020-07-16",0,1002,0,0,0,499,58728,1067
"125","2020-07-17",0,1002,0,0,0,491,59124,1067
"126","2020-07-18",0,1002,0,0,0,365,59420,1067
"127","2020-07-19",0,1002,0,0,0,543,59789,1067
"128","2020-07-20",0,1003,0,0,0,357,60072,1067
"129","2020-07-21",0,1003,0,0,0,266,60351,1067
"130","2020-07-22",0,1003,0,0,0,528,60702,1067
"131","2020-07-23",0,1003,0,0,0,438,61239,1067
"132","2020-07-24",0,1003,0,0,0,677,61626,1067
"133","2020-07-25",0,1003,0,0,0,260,61914,1067
"134","2020-07-26",0,1004,0,0,0,433,62187,1067
"135","2020-07-27",0,1004,0,0,0,200,62332,1067
"136","2020-07-28",0,1004,0,0,0,219,62576,1067
"137","2020-07-29",0,1003,0,0,1,418,62861,1067
"138","2020-07-30",0,1003,0,0,0,448,63212,1067
"139","2020-07-31",2,1003,0,0,0,456,63647,1069
"140","2020-08-01",0,1003,0,0,0,440,63912,1069
"141","2020-08-02",2,1003,0,0,0,334,64184,1071
"142","2020-08-03",0,1005,0,0,0,215,64412,1071
"143","2020-08-04",0,1005,0,0,0,219,64497,1071
"144","2020-08-05",0,1005,0,0,0,253,64778,1071
"145","2020-08-06",0,1005,0,0,0,598,65159,1071
"146","2020-08-07",0,1005,0,0,0,403,65608,1071
"147","2020-08-08",0,1005,0,0,0,501,65949,1071
"148","2020-08-09",0,1006,0,0,0,387,66114,1071
"149","2020-08-10",0,1007,0,0,0,289,66315,1071
"150","2020-08-11",0,1007,0,0,0,170,66589,1071
"151","2020-08-12",0,1007,0,0,0,351,66843,1071
"152","2020-08-13",0,1007,0,0,0,509,67310,1071
"153","2020-08-14",1,1007,0,0,0,582,67712,1072
"154","2020-08-15",2,1007,0,0,0,486,68120,1074
"155","2020-08-16",0,1007,0,0,0,438,68463,1074
"156","2020-08-17",1,1007,0,0,0,221,68638,1075
"157","2020-08-18",0,1007,0,0,0,300,68901,1075
"158","2020-08-19",1,1007,0,0,0,448,69312,1076
"159","2020-08-20",1,1007,1,0,0,575,69762,1077
"160","2020-08-21",0,1008,1,0,0,641,70315,1077
"161","2020-08-22",1,1008,1,0,0,458,70622,1078
"162","2020-08-23",2,1008,0,0,1,425,71018,1080
"163","2020-08-24",0,1008,0,0,0,498,71479,1080
"164","2020-08-25",0,1011,0,0,0,547,71958,1080
"165","2020-08-26",1,1011,0,0,0,621,72532,1081
"166","2020-08-27",0,1011,0,0,0,770,73145,1081
"167","2020-08-28",2,1013,0,0,0,1058,73837,1083
"168","2020-08-29",0,1013,0,0,0,771,74498,1083
"169","2020-08-30",0,1013,0,0,0,856,75144,1083
"170","2020-08-31",2,1013,0,0,0,862,75707,1085
"171","2020-09-01",0,1014,0,0,0,767,76211,1085
"172","2020-09-02",0,1014,0,0,0,961,76935,1085
"173","2020-09-03",0,1014,0,0,0,1335,77685,1085
"174","2020-09-04",0,1015,0,0,0,869,78302,1085
"175","2020-09-05",0,1015,0,0,0,1536,79065,1085
"176","2020-09-06",0,1017,0,0,0,998,79743,1085
"177","2020-09-07",1,1017,0,0,0,852,80235,1086
"178","2020-09-08",0,1018,0,0,0,861,80682,1086
"179","2020-09-09",0,1018,0,0,0,801,81092,1086
"180","2020-09-10",0,1019,0,0,0,1008,81596,1086
"181","2020-09-11",0,1019,0,0,0,1212,82189,1086
"182","2020-09-12",0,1020,0,0,0,951,82755,1086
"183","2020-09-13",0,1020,0,0,0,935,83134,1086
"184","2020-09-14",0,1020,0,0,0,765,83576,1086
"185","2020-09-15",0,1020,0,0,0,866,84089,1086
"186","2020-09-16",0,1020,0,0,0,902,84747,1086
"187","2020-09-17",0,1020,0,0,0,962,85288,1086
"188","2020-09-18",0,1021,0,0,0,1166,86031,1086
"189","2020-09-19",0,1021,0,0,0,1151,86859,1086
"190","2020-09-20",0,1021,0,0,0,858,87428,1086
"191","2020-09-21",0,1021,0,0,0,587,87928,1086
"192","2020-09-22",1,1021,0,1,0,681,88459,1087
"193","2020-09-23",0,1021,0,1,0,972,89037,1087
"194","2020-09-24",0,1021,0,1,0,889,89930,1087
"195","2020-09-25",0,1021,0,1,0,1015,90719,1087
"196","2020-09-26",0,1021,0,1,0,1131,91459,1087
"197","2020-09-27",0,1021,0,1,0,878,92348,1087
"198","2020-09-28",0,1021,0,1,0,863,93039,1087
"199","2020-09-29",0,1021,0,1,0,841,93644,1087
"200","2020-09-30",1,1021,0,1,0,870,94414,1088
"201","2020-10-01",0,1021,0,1,0,977,95244,1088
"202","2020-10-02",1,1021,0,1,0,952,95956,1089
"203","2020-10-03",0,1021,0,1,0,NA,96701,1089
"204","2020-10-04",0,1021,0,1,0,NA,97221,1089
"205","2020-10-05",0,1021,0,1,0,576,97677,1089
"206","2020-10-06",0,1021,0,1,0,482,98110,1089
"207","2020-10-07",0,1021,0,1,0,836,98704,1089
"208","2020-10-08",0,1021,0,1,0,879,99388,1089
"209","2020-10-09",0,1021,0,1,0,874,100109,1089
"210","2020-10-10",3,1022,0,1,0,743,100542,1092
"211","2020-10-11",0,1023,0,1,0,NA,101075,1092
"212","2020-10-12",0,1023,0,1,0,NA,101310,1092
"213","2020-10-13",0,1023,0,1,0,492,101750,1092
"214","2020-10-14",0,1023,0,1,0,401,102273,1092
"215","2020-10-15",0,1024,0,1,0,907,102918,1092
"216","2020-10-16",1,1024,0,0,0,879,103590,1093
"217","2020-10-17",2,1025,0,0,0,1035,104392,1095
"218","2020-10-18",2,1026,0,0,0,674,104830,1097
"219","2020-10-19",0,1026,0,0,0,461,105189,1097
"220","2020-10-20",0,1027,0,0,0,552,105651,1097
"221","2020-10-21",0,1027,0,0,0,766,106213,1097
"222","2020-10-22",0,1028,0,0,0,975,106965,1097
"223","2020-10-23",0,1028,0,0,0,786,107622,1097
"224","2020-10-24",3,1029,0,0,0,955,108287,1100
"225","2020-10-25",0,1029,0,0,0,612,108690,1100
"226","2020-10-26",1,1031,0,0,0,285,109032,1101
"227","2020-10-27",1,1031,0,0,0,610,109462,1102
"228","2020-10-28",0,1032,0,0,0,861,110079,1102
"229","2020-10-29",0,1033,0,0,0,915,110723,1102
"230","2020-10-30",2,1033,0,0,0,950,111395,1104
"231","2020-10-31",5,1033,0,0,0,652,111911,1109
"232","2020-11-01",2,1033,0,0,0,554,112339,1111
"233","2020-11-02",2,1033,0,0,0,466,112750,1113
"234","2020-11-03",1,1033,0,0,0,625,113202,1114
"235","2020-11-04",4,1034,0,0,0,853,114037,1118
"236","2020-11-05",1,1036,0,0,0,1058,114607,1119
"237","2020-11-06",2,1040,0,0,0,NA,NA,1121
"238","2020-11-07",4,1040,0,0,0,933,116300,1125
"239","2020-11-08",3,1043,0,0,0,722,116870,1128
"240","2020-11-09",1,1048,0,0,0,658,117623,1129
"241","2020-11-10",3,1049,0,0,0,842,118317,1132
"242","2020-11-11",2,1049,0,0,0,1019,119136,1134
"243","2020-11-12",0,1050,0,0,0,891,119799,1134
"244","2020-11-13",2,1052,0,0,0,1260,120791,1136
"245","2020-11-14",6,1056,0,0,0,1062,121531,1142
"246","2020-11-15",2,1058,0,0,0,714,121974,1144
"247","2020-11-16",2,1058,0,0,0,844,122682,1146
"248","2020-11-17",5,1062,0,0,0,966,123422,1151
"249","2020-11-18",3,1065,0,0,0,1184,124272,1154
"250","2020-11-19",1,1067,1,0,0,1314,125434,1155
"251","2020-11-20",5,1067,0,0,0,1384,126446,1160
"252","2020-11-21",8,1070,0,0,0,1384,127237,1168
"253","2020-11-22",11,1070,0,0,0,1164,128080,1179
"254","2020-11-23",11,1074,0,0,0,1143,128972,1190
"255","2020-11-24",37,1075,0,0,0,1561,130113,1227
"256","2020-11-25",16,1076,1,0,0,1621,131305,1243
"257","2020-11-26",14,1078,0,0,0,2253,133352,1257
"258","2020-11-27",8,1081,0,0,0,3109,135302,1265
"259","2020-11-28",14,1089,0,0,0,3644,137904,1279
"260","2020-11-29",10,1099,0,0,0,2254,139822,1289
"261","2020-11-30",16,1102,0,0,0,3054,142367,1305
"262","2020-12-01",10,1108,0,0,0,4138,NA,1315
"263","2020-12-02",17,1140,0,0,0,3295,NA,1332
"264","2020-12-03",11,1159,0,0,0,2047,NA,1343
"265","2020-12-04",15,1176,0,0,0,1623,NA,1358
"266","2020-12-05",6,1204,0,0,0,1410,NA,1364
"267","2020-12-06",4,1215,0,0,0,1171,NA,1368
"268","2020-12-07",8,1221,0,0,0,1242,NA,1376
"269","2020-12-08",7,1240,0,0,0,840,NA,1383
"270","2020-12-09",6,1253,0,0,0,1954,NA,1389
"271","2020-12-10",4,1264,0,0,0,1788,NA,1393
"272","2020-12-11",9,1272,0,0,0,1859,NA,1402
"273","2020-12-12",7,1283,0,0,0,1606,NA,1409
"274","2020-12-13",6,1291,0,0,0,1427,NA,1415
"275","2020-12-14",5,1298,0,0,0,1209,NA,1420
"276","2020-12-15",6,1304,0,0,0,1612,NA,1426
"277","2020-12-16",4,1310,0,0,0,2232,NA,1430
"278","2020-12-17",6,1321,0,0,0,2405,NA,1436
"279","2020-12-18",5,1330,0,0,0,1565,NA,1441
"280","2020-12-19",2,1334,0,0,0,1111,NA,1443
"281","2020-12-20",2,1339,0,0,0,1409,NA,1445
"282","2020-12-21",2,1344,0,0,0,1389,NA,1447
"283","2020-12-22",7,1349,0,0,0,1795,NA,1454
"284","2020-12-23",4,1358,0,0,0,1519,NA,1458
"285","2020-12-24",7,1364,0,0,0,1340,NA,1465
"286","2020-12-25",0,1364,0,0,0,1156,NA,1465
"287","2020-12-26",9,1371,0,0,0,819,NA,1474
"288","2020-12-27",3,1376,0,0,0,871,NA,1477
"289","2020-12-28",1,1380,0,0,0,1259,NA,1478
"290","2020-12-29",2,1385,1,0,0,1370,NA,1480
"291","2020-12-30",3,1393,1,0,0,1605,NA,1483
"292","2020-12-31",3,1399,1,0,0,2203,NA,1486
"293","2021-01-01",11,1401,1,0,0,1666,NA,1497
"294","2021-01-02",2,1407,1,0,0,1276,NA,1499
"295","2021-01-03",2,1409,1,0,0,969,NA,1501
"296","2021-01-04",4,1413,1,0,0,1077,NA,1505
"297","2021-01-05",3,1424,0,0,0,1045,NA,1508
"298","2021-01-06",12,1426,0,0,0,1578,NA,1520
"299","2021-01-07",3,1431,0,0,0,1467,NA,1523
"300","2021-01-08",2,1431,0,0,0,1831,NA,1525
"301","2021-01-09",3,1432,0,0,0,1154,NA,1528
"302","2021-01-10",0,1435,0,0,0,1343,NA,1528
"303","2021-01-11",5,1442,0,0,0,2193,NA,1533
"304","2021-01-12",1,1442,0,0,0,2408,NA,1534
"305","2021-01-13",8,1447,0,0,0,1847,NA,1542
"306","2021-01-14",6,1451,0,0,0,2096,NA,1548
"307","2021-01-15",2,1453,0,0,0,2010,NA,1550
"308","2021-01-16",4,1459,0,0,0,2293,NA,1554
"309","2021-01-17",3,1464,0,0,0,1396,NA,1557
"310","2021-01-18",0,1467,0,0,0,1079,NA,1557
"311","2021-01-19",4,1474,0,0,0,2016,NA,1561
"312","2021-01-20",3,1476,0,0,0,1685,NA,1564
"313","2021-01-21",1,1479,0,0,0,1589,NA,1565
"314","2021-01-22",5,1483,0,0,0,1450,NA,1570
"315","This file will no longer be updated.",NA,NA,NA,NA,NA,NA,NA,NA
"316","The Nova Scotia coronavirus data page now loads data from the dashboard at",NA,NA,NA,NA,NA,NA,NA,NA
"317","https://experience.arcgis.com/experience/204d6ed723244dfbb763ca3f913c5cad",NA,NA,NA,NA,NA,NA,NA,NA
